[x,iter]=Jacobi(5)

x =

   36.5385
   46.1538
   48.0769
   46.1538
   36.5385


iter =

   16.5062
  
   
   [x,iter]=GaussSeidel(5)

x =

   36.5385
   46.1538
   48.0769
   46.1538
   36.5385


iter =

    12
    
 [x,iter]=SOR(5,1.1)

x =

   36.5385
   46.1538
   48.0769
   46.1538
   36.5385


iter =

     9