[x,iter]=JacobiRel(5,10e-6)

x =

   36.5384
   46.1537
   48.0767
   46.1537
   36.5384


iter =

    15
    
[x,iter]=JacobiRel(5,10e-8)

x =

   36.5385
   46.1538
   48.0769
   46.1538
   36.5385


iter =

    20
    
 [x,iter]=GaussSeidelRel(5,10e-6)

x =

   36.5384
   46.1538
   48.0769
   46.1538
   36.5385


iter =

     9
    
     
 [x,iter]=GaussSeidelRel(5,10e-8)

x =

   36.5384
   46.1538
   48.0769
   46.1538
   36.5385


iter =

     9

[x,iter]=SORrel(5,1.1,10e-6)

x =

   36.5385
   46.1538
   48.0769
   46.1538
   36.5385


iter =

     8
     
[x,iter]=SORrel(5,1.1,10e-8)

x =

   36.5385
   46.1538
   48.0769
   46.1538
   36.5385


iter =

     9
     